FlightNumber,Date,BoosterVersion,PayloadMass,Orbit,LaunchSite,Outcome,Flights,GridFins,Reused,Legs,LandingPad,Block,ReusedCount,Serial,Longitude,Latitude
1,2010-06-04,Falcon 9,8084.738111888112,LEO,CCSFS SLC 40,None None,1,False,False,False,,1.0,0,B0003,-80.577366,28.5618571
2,2012-05-22,Falcon 9,525.0,LEO,CCSFS SLC 40,None None,1,False,False,False,,1.0,0,B0005,-80.577366,28.5618571
3,2013-03-01,Falcon 9,677.0,ISS,CCSFS SLC 40,None None,1,False,False,False,,1.0,0,B0007,-80.577366,28.5618571
4,2013-09-29,Falcon 9,500.0,PO,VAFB SLC 4E,False Ocean,1,False,False,False,,1.0,0,B1003,-120.610829,34.632093
5,2013-12-03,Falcon 9,3170.0,GTO,CCSFS SLC 40,None None,1,False,False,False,,1.0,0,B1004,-80.577366,28.5618571
6,2014-01-06,Falcon 9,3325.0,GTO,CCSFS SLC 40,None None,1,False,False,False,,1.0,0,B1005,-80.577366,28.5618571
7,2014-04-18,Falcon 9,2296.0,ISS,CCSFS SLC 40,True Ocean,1,False,False,True,,1.0,0,B1006,-80.577366,28.5618571
8,2014-07-14,Falcon 9,1316.0,LEO,CCSFS SLC 40,True Ocean,1,False,False,True,,1.0,0,B1007,-80.577366,28.5618571
9,2014-08-05,Falcon 9,4535.0,GTO,CCSFS SLC 40,None None,1,False,False,False,,1.0,0,B1008,-80.577366,28.5618571
10,2014-09-07,Falcon 9,4428.0,GTO,CCSFS SLC 40,None None,1,False,False,False,,1.0,0,B1011,-80.577366,28.5618571
11,2014-09-21,Falcon 9,2216.0,ISS,CCSFS SLC 40,False Ocean,1,False,False,False,,1.0,0,B1010,-80.577366,28.5618571
12,2015-01-10,Falcon 9,2395.0,ISS,CCSFS SLC 40,False ASDS,1,True,False,True,5e9e3032383ecb761634e7cb,1.0,0,B1012,-80.577366,28.5618571
13,2015-02-11,Falcon 9,570.0,ES-L1,CCSFS SLC 40,True Ocean,1,True,False,True,,1.0,0,B1013,-80.577366,28.5618571
14,2015-04-14,Falcon 9,1898.0,ISS,CCSFS SLC 40,False ASDS,1,True,False,True,5e9e3032383ecb761634e7cb,1.0,0,B1015,-80.577366,28.5618571
15,2015-04-27,Falcon 9,4707.0,GTO,CCSFS SLC 40,None None,1,False,False,False,,1.0,0,B1016,-80.577366,28.5618571
16,2015-06-28,Falcon 9,2477.0,ISS,CCSFS SLC 40,None ASDS,1,True,False,True,5e9e3032383ecb6bb234e7ca,1.0,0,B1018,-80.577366,28.5618571
17,2015-12-22,Falcon 9,2034.0,LEO,CCSFS SLC 40,True RTLS,1,True,False,True,5e9e3032383ecb267a34e7c7,1.0,0,B1019,-80.577366,28.5618571
18,2016-01-17,Falcon 9,553.0,PO,VAFB SLC 4E,False ASDS,1,True,False,True,5e9e3033383ecbb9e534e7cc,1.0,0,B1017,-120.610829,34.632093
19,2016-03-04,Falcon 9,5271.0,GTO,CCSFS SLC 40,False ASDS,1,True,False,True,5e9e3032383ecb6bb234e7ca,1.0,0,B1020,-80.577366,28.5618571
20,2016-04-08,Falcon 9,3136.0,ISS,CCSFS SLC 40,True ASDS,1,True,False,True,5e9e3032383ecb6bb234e7ca,2.0,1,B1021,-80.577366,28.5618571
21,2016-05-06,Falcon 9,4696.0,GTO,CCSFS SLC 40,True ASDS,1,True,False,True,5e9e3032383ecb6bb234e7ca,2.0,0,B1022,-80.577366,28.5618571
22,2016-05-27,Falcon 9,3100.0,GTO,CCSFS SLC 40,True ASDS,1,True,False,True,5e9e3032383ecb6bb234e7ca,2.0,1,B1023,-80.577366,28.5618571
23,2016-07-18,Falcon 9,2257.0,ISS,CCSFS SLC 40,True RTLS,1,True,False,True,5e9e3032383ecb267a34e7c7,2.0,1,B1025,-80.577366,28.5618571
24,2016-08-14,Falcon 9,4600.0,GTO,CCSFS SLC 40,True ASDS,1,True,False,True,5e9e3032383ecb6bb234e7ca,2.0,0,B1026,-80.577366,28.5618571
25,2016-09-01,Falcon 9,5500.0,GTO,CCSFS SLC 40,None ASDS,1,True,False,True,5e9e3032383ecb6bb234e7ca,3.0,0,B1028,-80.577366,28.5618571
26,2017-01-14,Falcon 9,9600.0,PO,VAFB SLC 4E,True ASDS,1,True,False,True,5e9e3033383ecbb9e534e7cc,3.0,1,B1029,-120.610829,34.632093
27,2017-02-19,Falcon 9,2490.0,ISS,KSC LC 39A,True RTLS,1,True,False,True,5e9e3032383ecb267a34e7c7,3.0,1,B1031,-80.6039558,28.6080585
28,2017-03-16,Falcon 9,5600.0,GTO,KSC LC 39A,None None,1,False,False,False,,3.0,0,B1030,-80.6039558,28.6080585
29,2017-03-30,Falcon 9,5300.0,GTO,KSC LC 39A,True ASDS,2,True,True,True,5e9e3032383ecb6bb234e7ca,2.0,1,B1021,-80.6039558,28.6080585
30,2017-05-01,Falcon 9,8084.738111888112,LEO,KSC LC 39A,True RTLS,1,True,False,True,5e9e3032383ecb267a34e7c7,3.0,1,B1032,-80.6039558,28.6080585
31,2017-05-15,Falcon 9,6070.0,GTO,KSC LC 39A,None None,1,False,False,False,,3.0,0,B1034,-80.6039558,28.6080585
32,2017-06-03,Falcon 9,2708.0,ISS,KSC LC 39A,True RTLS,1,True,False,True,5e9e3032383ecb267a34e7c7,3.0,1,B1035,-80.6039558,28.6080585
33,2017-06-23,Falcon 9,3669.0,GTO,KSC LC 39A,True ASDS,2,True,True,True,5e9e3032383ecb6bb234e7ca,3.0,1,B1029,-80.6039558,28.6080585
34,2017-06-25,Falcon 9,9600.0,PO,VAFB SLC 4E,True ASDS,1,True,False,True,5e9e3033383ecbb9e534e7cc,3.0,1,B1036,-120.610829,34.632093
35,2017-07-05,Falcon 9,6761.0,GTO,KSC LC 39A,None None,1,False,False,False,,3.0,0,B1037,-80.6039558,28.6080585
36,2017-08-14,Falcon 9,2910.0,ISS,KSC LC 39A,True RTLS,1,True,False,True,5e9e3032383ecb267a34e7c7,4.0,1,B1039,-80.6039558,28.6080585
37,2017-08-24,Falcon 9,475.0,SSO,VAFB SLC 4E,True ASDS,1,True,False,True,5e9e3033383ecbb9e534e7cc,3.0,1,B1038,-120.610829,34.632093
38,2017-09-07,Falcon 9,4990.0,LEO,KSC LC 39A,True RTLS,1,True,False,True,5e9e3032383ecb267a34e7c7,4.0,1,B1040,-80.6039558,28.6080585
39,2017-10-09,Falcon 9,9600.0,PO,VAFB SLC 4E,True ASDS,1,True,False,True,5e9e3033383ecbb9e534e7cc,4.0,1,B1041,-120.610829,34.632093
40,2017-10-11,Falcon 9,5200.0,GTO,KSC LC 39A,True ASDS,2,True,True,True,5e9e3032383ecb6bb234e7ca,3.0,1,B1031,-80.6039558,28.6080585
41,2017-10-30,Falcon 9,3700.0,GTO,KSC LC 39A,True ASDS,1,True,False,True,5e9e3032383ecb6bb234e7ca,4.0,0,B1042,-80.6039558,28.6080585
42,2017-12-15,Falcon 9,2205.0,ISS,CCSFS SLC 40,True RTLS,2,True,True,True,5e9e3032383ecb267a34e7c7,3.0,1,B1035,-80.577366,28.5618571
43,2017-12-23,Falcon 9,9600.0,PO,VAFB SLC 4E,True Ocean,2,True,True,False,,3.0,1,B1036,-120.610829,34.632093
44,2018-01-08,Falcon 9,8084.738111888112,LEO,CCSFS SLC 40,True RTLS,1,True,False,True,5e9e3032383ecb267a34e7c7,4.0,1,B1043,-80.577366,28.5618571
45,2018-01-31,Falcon 9,4230.0,GTO,CCSFS SLC 40,True Ocean,2,True,True,True,,3.0,1,B1032,-80.577366,28.5618571
46,2018-03-06,Falcon 9,6092.0,GTO,CCSFS SLC 40,None None,1,True,False,True,,4.0,0,B1044,-80.577366,28.5618571
47,2018-03-30,Falcon 9,9600.0,PO,VAFB SLC 4E,None None,2,True,True,True,,4.0,1,B1041,-120.610829,34.632093
48,2018-04-02,Falcon 9,2760.0,ISS,CCSFS SLC 40,None None,2,True,True,True,,4.0,1,B1039,-80.577366,28.5618571
49,2018-04-18,Falcon 9,350.0,HEO,CCSFS SLC 40,True ASDS,1,True,False,True,5e9e3032383ecb6bb234e7ca,4.0,1,B1045,-80.577366,28.5618571
50,2018-05-11,Falcon 9,3750.0,GTO,KSC LC 39A,True ASDS,1,True,False,True,5e9e3032383ecb6bb234e7ca,5.0,3,B1046,-80.6039558,28.6080585
51,2018-06-04,Falcon 9,5383.85,GTO,CCSFS SLC 40,None None,2,False,True,False,,4.0,1,B1040,-80.577366,28.5618571
52,2018-06-29,Falcon 9,2410.0,ISS,CCSFS SLC 40,None None,2,False,True,False,,4.0,1,B1045,-80.577366,28.5618571
53,2018-07-22,Falcon 9,7076.0,GTO,CCSFS SLC 40,True ASDS,1,True,False,True,5e9e3032383ecb6bb234e7ca,5.0,2,B1047,-80.577366,28.5618571
54,2018-07-25,Falcon 9,9600.0,PO,VAFB SLC 4E,True ASDS,1,True,False,True,5e9e3033383ecbb9e534e7cc,5.0,4,B1048,-120.610829,34.632093
55,2018-08-07,Falcon 9,5800.0,GTO,CCSFS SLC 40,True ASDS,2,True,True,True,5e9e3032383ecb6bb234e7ca,5.0,3,B1046,-80.577366,28.5618571
56,2018-09-10,Falcon 9,7060.0,GTO,CCSFS SLC 40,True ASDS,1,True,False,True,5e9e3032383ecb6bb234e7ca,5.0,9,B1049,-80.577366,28.5618571
57,2018-10-08,Falcon 9,2800.0,SSO,VAFB SLC 4E,True RTLS,2,True,True,True,5e9e3032383ecb554034e7c9,5.0,4,B1048,-120.610829,34.632093
58,2018-11-15,Falcon 9,3000.0,GTO,KSC LC 39A,True ASDS,2,True,True,True,5e9e3032383ecb6bb234e7ca,5.0,2,B1047,-80.6039558,28.6080585
59,2018-12-03,Falcon 9,4000.0,SSO,VAFB SLC 4E,True ASDS,3,True,True,True,5e9e3033383ecbb9e534e7cc,5.0,3,B1046,-120.610829,34.632093
60,2018-12-05,Falcon 9,2573.0,ISS,CCSFS SLC 40,False RTLS,1,True,False,True,5e9e3032383ecb267a34e7c7,5.0,0,B1050,-80.577366,28.5618571
61,2018-12-23,Falcon 9,4400.0,MEO,CCSFS SLC 40,None None,1,False,False,False,,5.0,0,B1054,-80.577366,28.5618571
62,2019-01-11,Falcon 9,9600.0,PO,VAFB SLC 4E,True ASDS,2,True,True,True,5e9e3033383ecbb9e534e7cc,5.0,9,B1049,-120.610829,34.632093
63,2019-03-02,Falcon 9,12259.0,ISS,KSC LC 39A,True ASDS,1,True,False,True,5e9e3032383ecb6bb234e7ca,5.0,12,B1051,-80.6039558,28.6080585
64,2019-05-04,Falcon 9,2482.0,ISS,CCSFS SLC 40,True ASDS,1,True,False,True,5e9e3032383ecb6bb234e7ca,5.0,3,B1056,-80.577366,28.5618571
65,2019-05-24,Falcon 9,13200.0,VLEO,CCSFS SLC 40,True ASDS,3,True,True,True,5e9e3032383ecb6bb234e7ca,5.0,9,B1049,-80.577366,28.5618571
66,2019-06-12,Falcon 9,1425.0,SSO,VAFB SLC 4E,True RTLS,2,True,True,True,5e9e3032383ecb554034e7c9,5.0,12,B1051,-120.610829,34.632093
67,2019-07-25,Falcon 9,2227.7,ISS,CCSFS SLC 40,True RTLS,2,True,True,True,5e9e3032383ecb267a34e7c7,5.0,3,B1056,-80.577366,28.5618571
68,2019-08-06,Falcon 9,6500.0,GTO,CCSFS SLC 40,None None,3,False,True,False,,5.0,2,B1047,-80.577366,28.5618571
69,2019-11-11,Falcon 9,15600.0,VLEO,CCSFS SLC 40,True ASDS,4,True,True,True,5e9e3032383ecb6bb234e7ca,5.0,4,B1048,-80.577366,28.5618571
70,2019-12-05,Falcon 9,5000.0,ISS,CCSFS SLC 40,True ASDS,1,True,False,True,5e9e3032383ecb6bb234e7ca,5.0,5,B1059,-80.577366,28.5618571
71,2019-12-17,Falcon 9,6800.0,GTO,CCSFS SLC 40,True ASDS,3,True,True,True,5e9e3032383ecb6bb234e7ca,5.0,3,B1056,-80.577366,28.5618571
72,2020-01-07,Falcon 9,15600.0,VLEO,CCSFS SLC 40,True ASDS,4,True,True,True,5e9e3032383ecb6bb234e7ca,5.0,9,B1049,-80.577366,28.5618571
73,2020-01-19,Falcon 9,8084.738111888112,SO,KSC LC 39A,None None,4,False,True,False,,5.0,3,B1046,-80.6039558,28.6080585
74,2020-01-29,Falcon 9,15600.0,VLEO,CCSFS SLC 40,True ASDS,3,True,True,True,5e9e3032383ecb6bb234e7ca,5.0,12,B1051,-80.577366,28.5618571
75,2020-02-17,Falcon 9,15600.0,VLEO,CCSFS SLC 40,False ASDS,4,True,True,True,5e9e3032383ecb6bb234e7ca,5.0,3,B1056,-80.577366,28.5618571
76,2020-03-07,Falcon 9,1977.0,ISS,CCSFS SLC 40,True RTLS,2,True,True,True,5e9e3032383ecb267a34e7c7,5.0,5,B1059,-80.577366,28.5618571
77,2020-03-18,Falcon 9,15600.0,VLEO,KSC LC 39A,False ASDS,5,True,True,True,5e9e3032383ecb6bb234e7ca,5.0,4,B1048,-80.6039558,28.6080585
78,2020-04-22,Falcon 9,15600.0,VLEO,KSC LC 39A,True ASDS,4,True,True,True,5e9e3032383ecb6bb234e7ca,5.0,12,B1051,-80.6039558,28.6080585
79,2020-05-30,Falcon 9,9525.0,ISS,KSC LC 39A,True ASDS,1,True,False,True,5e9e3032383ecb6bb234e7ca,5.0,12,B1058,-80.6039558,28.6080585
80,2020-06-04,Falcon 9,15600.0,VLEO,CCSFS SLC 40,True ASDS,5,True,True,True,5e9e3033383ecbb9e534e7cc,5.0,9,B1049,-80.577366,28.5618571
81,2020-06-13,Falcon 9,15600.0,VLEO,CCSFS SLC 40,True ASDS,3,True,True,True,5e9e3032383ecb6bb234e7ca,5.0,5,B1059,-80.577366,28.5618571
82,2020-06-30,Falcon 9,3880.0,MEO,CCSFS SLC 40,True ASDS,1,True,False,True,5e9e3033383ecbb9e534e7cc,5.0,12,B1060,-80.577366,28.5618571
83,2020-07-20,Falcon 9,8084.738111888112,GEO,CCSFS SLC 40,True ASDS,2,True,True,True,5e9e3033383ecbb9e534e7cc,5.0,12,B1058,-80.577366,28.5618571
84,2020-08-18,Falcon 9,15600.0,VLEO,CCSFS SLC 40,True ASDS,6,True,True,True,5e9e3032383ecb6bb234e7ca,5.0,9,B1049,-80.577366,28.5618571
85,2020-08-30,Falcon 9,1600.0,SSO,CCSFS SLC 40,True RTLS,4,True,True,True,5e9e3032383ecb267a34e7c7,5.0,5,B1059,-80.577366,28.5618571
86,2020-09-03,Falcon 9,15600.0,VLEO,KSC LC 39A,True ASDS,2,True,True,True,5e9e3032383ecb6bb234e7ca,5.0,12,B1060,-80.6039558,28.6080585
87,2020-10-06,Falcon 9,15600.0,VLEO,KSC LC 39A,True ASDS,3,True,True,True,5e9e3032383ecb6bb234e7ca,5.0,12,B1058,-80.6039558,28.6080585
88,2020-10-18,Falcon 9,15600.0,VLEO,KSC LC 39A,True ASDS,6,True,True,True,5e9e3032383ecb6bb234e7ca,5.0,12,B1051,-80.6039558,28.6080585
89,2020-10-24,Falcon 9,15600.0,VLEO,CCSFS SLC 40,True ASDS,3,True,True,True,5e9e3033383ecbb9e534e7cc,5.0,12,B1060,-80.577366,28.5618571
90,2020-11-05,Falcon 9,3681.0,MEO,CCSFS SLC 40,True ASDS,1,True,False,True,5e9e3032383ecb6bb234e7ca,5.0,8,B1062,-80.577366,28.5618571
91,2020-11-16,Falcon 9,8084.738111888112,ISS,KSC LC 39A,True ASDS,1,True,False,True,5e9e3033383ecbb9e534e7cc,5.0,9,B1061,-80.6039558,28.6080585
92,2020-11-21,Falcon 9,1440.0,PO,VAFB SLC 4E,True RTLS,1,True,False,True,5e9e3032383ecb554034e7c9,5.0,6,B1063,-120.610829,34.632093
93,2020-11-25,Falcon 9,15600.0,VLEO,CCSFS SLC 40,True ASDS,7,True,True,True,5e9e3032383ecb6bb234e7ca,5.0,9,B1049,-80.577366,28.5618571
94,2020-12-06,Falcon 9,2972.0,ISS,KSC LC 39A,True ASDS,4,True,True,True,5e9e3032383ecb6bb234e7ca,5.0,12,B1058,-80.6039558,28.6080585
95,2020-12-13,Falcon 9,7000.0,GTO,CCSFS SLC 40,True ASDS,7,True,True,True,5e9e3033383ecbb9e534e7cc,5.0,12,B1051,-80.577366,28.5618571
96,2020-12-19,Falcon 9,8084.738111888112,,KSC LC 39A,True RTLS,5,True,True,True,5e9e3032383ecb267a34e7c7,5.0,5,B1059,-80.6039558,28.6080585
97,2021-01-08,Falcon 9,3500.0,GTO,CCSFS SLC 40,True ASDS,4,True,True,True,5e9e3033383ecbb9e534e7cc,5.0,12,B1060,-80.577366,28.5618571
98,2021-01-20,Falcon 9,15600.0,VLEO,KSC LC 39A,True ASDS,8,True,True,True,5e9e3033383ecbb9e534e7cc,5.0,12,B1051,-80.6039558,28.6080585
99,2021-01-24,Falcon 9,8084.738111888112,SSO,CCSFS SLC 40,True ASDS,5,True,True,True,5e9e3032383ecb6bb234e7ca,5.0,12,B1058,-80.577366,28.5618571
100,2021-02-04,Falcon 9,15600.0,VLEO,CCSFS SLC 40,True ASDS,5,True,True,True,5e9e3032383ecb6bb234e7ca,5.0,12,B1060,-80.577366,28.5618571
101,2021-02-16,Falcon 9,15600.0,VLEO,CCSFS SLC 40,False ASDS,6,True,True,True,5e9e3032383ecb6bb234e7ca,5.0,5,B1059,-80.577366,28.5618571
102,2021-03-04,Falcon 9,15600.0,VLEO,KSC LC 39A,True ASDS,8,True,True,True,5e9e3032383ecb6bb234e7ca,5.0,9,B1049,-80.6039558,28.6080585
103,2021-03-11,Falcon 9,15600.0,VLEO,CCSFS SLC 40,True ASDS,6,True,True,True,5e9e3033383ecbb9e534e7cc,5.0,12,B1058,-80.577366,28.5618571
104,2021-03-14,Falcon 9,15600.0,VLEO,KSC LC 39A,True ASDS,9,True,True,True,5e9e3032383ecb6bb234e7ca,5.0,12,B1051,-80.6039558,28.6080585
105,2021-03-24,Falcon 9,15600.0,VLEO,CCSFS SLC 40,True ASDS,6,True,True,True,5e9e3032383ecb6bb234e7ca,5.0,12,B1060,-80.577366,28.5618571
106,2021-04-07,Falcon 9,15600.0,VLEO,CCSFS SLC 40,True ASDS,7,True,True,True,5e9e3032383ecb6bb234e7ca,5.0,12,B1058,-80.577366,28.5618571
107,2021-04-23,Falcon 9,8084.738111888112,ISS,KSC LC 39A,True ASDS,2,True,True,True,5e9e3032383ecb6bb234e7ca,5.0,9,B1061,-80.6039558,28.6080585
108,2021-04-29,Falcon 9,15600.0,VLEO,CCSFS SLC 40,True ASDS,7,True,True,True,5e9e3033383ecbb9e534e7cc,5.0,12,B1060,-80.577366,28.5618571
109,2021-05-04,Falcon 9,15600.0,VLEO,KSC LC 39A,True ASDS,9,True,True,True,5e9e3032383ecb6bb234e7ca,5.0,9,B1049,-80.6039558,28.6080585
110,2021-05-09,Falcon 9,15600.0,VLEO,CCSFS SLC 40,True ASDS,10,True,True,True,5e9e3032383ecb6bb234e7ca,5.0,12,B1051,-80.577366,28.5618571
111,2021-05-26,Falcon 9,15600.0,VLEO,CCSFS SLC 40,True ASDS,2,True,True,True,5e9e3033383ecbb9e534e7cc,5.0,6,B1063,-80.577366,28.5618571
112,2021-06-03,Falcon 9,3328.0,ISS,KSC LC 39A,True ASDS,1,True,False,True,5e9e3032383ecb6bb234e7ca,5.0,4,B1067,-80.6039558,28.6080585
113,2021-06-06,Falcon 9,7000.0,GTO,CCSFS SLC 40,True ASDS,3,True,True,True,5e9e3033383ecbb9e534e7cc,5.0,9,B1061,-80.577366,28.5618571
114,2021-06-17,Falcon 9,3681.0,MEO,CCSFS SLC 40,True ASDS,2,True,True,True,5e9e3033383ecbb9e534e7cc,5.0,8,B1062,-80.577366,28.5618571
115,2021-06-30,Falcon 9,8084.738111888112,SSO,CCSFS SLC 40,True RTLS,8,True,True,True,5e9e3032383ecb267a34e7c7,5.0,12,B1060,-80.577366,28.5618571
116,2021-08-29,Falcon 9,8084.738111888112,ISS,KSC LC 39A,True ASDS,4,True,True,True,5e9e3033383ecb075134e7cd,5.0,9,B1061,-80.6039558,28.6080585
117,2021-09-14,Falcon 9,15600.0,PO,VAFB SLC 4E,True ASDS,10,True,True,True,5e9e3032383ecb6bb234e7ca,5.0,9,B1049,-120.610829,34.632093
118,2021-09-16,Falcon 9,8084.738111888112,LEO,KSC LC 39A,True ASDS,3,True,True,True,5e9e3033383ecbb9e534e7cc,5.0,8,B1062,-80.6039558,28.6080585
119,2021-11-11,Falcon 9,12519.0,ISS,KSC LC 39A,True ASDS,2,True,True,True,5e9e3033383ecb075134e7cd,5.0,4,B1067,-80.6039558,28.6080585
120,2021-11-13,Falcon 9,13260.0,LEO,CCSFS SLC 40,True ASDS,9,True,True,True,5e9e3033383ecbb9e534e7cc,5.0,12,B1058,-80.577366,28.5618571
121,2021-11-24,Falcon 9,670.0,TLI,VAFB SLC 4E,True ASDS,2,True,True,True,5e9e3032383ecb6bb234e7ca,5.0,6,B1063,-120.610829,34.632093
122,2021-12-01,Falcon 9,13260.0,PO,CCSFS SLC 40,True ASDS,9,True,True,True,5e9e3033383ecb075134e7cd,5.0,12,B1060,-80.577366,28.5618571
123,2021-12-09,Falcon 9,330.0,LEO,KSC LC 39A,True ASDS,5,True,True,True,5e9e3033383ecbb9e534e7cc,5.0,9,B1061,-80.6039558,28.6080585
124,2021-12-18,Falcon 9,13260.0,PO,VAFB SLC 4E,True ASDS,11,True,True,True,5e9e3032383ecb6bb234e7ca,5.0,12,B1051,-120.610829,34.632093
125,2021-12-19,Falcon 9,3500.0,GTO,CCSFS SLC 40,True ASDS,3,True,True,True,5e9e3033383ecb075134e7cd,5.0,4,B1067,-80.577366,28.5618571
126,2021-12-21,Falcon 9,8084.738111888112,ISS,KSC LC 39A,True ASDS,1,True,False,True,5e9e3033383ecbb9e534e7cc,5.0,1,B1069,-80.6039558,28.6080585
127,2022-01-06,Falcon 9,13260.0,VLEO,KSC LC 39A,True ASDS,4,True,True,True,5e9e3033383ecb075134e7cd,5.0,8,B1062,-80.6039558,28.6080585
128,2022-01-13,Falcon 9,8084.738111888112,LEO,CCSFS SLC 40,True RTLS,10,True,True,True,5e9e3032383ecb267a34e7c7,5.0,12,B1058,-80.577366,28.5618571
129,2022-01-19,Falcon 9,13260.0,VLEO,KSC LC 39A,True ASDS,10,True,True,True,5e9e3033383ecb075134e7cd,5.0,12,B1060,-80.6039558,28.6080585
130,2022-01-31,Falcon 9,2240.0,SSO,CCSFS SLC 40,True RTLS,3,True,True,True,5e9e3032383ecb267a34e7c7,5.0,6,B1052,-80.577366,28.5618571
131,2022-02-02,Falcon 9,8084.738111888112,LEO,VAFB SLC 4E,True RTLS,1,True,False,True,5e9e3032383ecb554034e7c9,5.0,3,B1071,-120.610829,34.632093
132,2022-02-03,Falcon 9,13260.0,VLEO,KSC LC 39A,True ASDS,6,True,True,True,5e9e3033383ecb075134e7cd,5.0,9,B1061,-80.6039558,28.6080585
133,2022-02-21,Falcon 9,13260.0,VLEO,CCSFS SLC 40,True ASDS,11,True,True,True,5e9e3033383ecb075134e7cd,5.0,12,B1058,-80.577366,28.5618571
134,2022-02-25,Falcon 9,13260.0,VLEO,VAFB SLC 4E,True ASDS,4,True,True,True,5e9e3032383ecb6bb234e7ca,5.0,6,B1063,-120.610829,34.632093
135,2022-03-03,Falcon 9,13260.0,VLEO,KSC LC 39A,True ASDS,11,True,True,True,5e9e3033383ecbb9e534e7cc,5.0,12,B1060,-80.6039558,28.6080585
136,2022-03-09,Falcon 9,13260.0,VLEO,CCSFS SLC 40,True ASDS,4,True,True,True,5e9e3033383ecb075134e7cd,5.0,6,B1052,-80.577366,28.5618571
137,2022-03-19,Falcon 9,13260.0,VLEO,CCSFS SLC 40,True ASDS,12,True,True,True,5e9e3033383ecbb9e534e7cc,5.0,12,B1051,-80.577366,28.5618571
138,2022-04-01,Falcon 9,8084.738111888112,SSO,CCSFS SLC 40,True ASDS,7,True,True,True,5e9e3033383ecbb9e534e7cc,5.0,9,B1061,-80.577366,28.5618571
139,2022-04-08,Falcon 9,8084.738111888112,ISS,KSC LC 39A,True ASDS,5,True,True,True,5e9e3033383ecb075134e7cd,5.0,8,B1062,-80.6039558,28.6080585
140,2022-04-17,Falcon 9,8084.738111888112,LEO,VAFB SLC 4E,True RTLS,2,True,True,True,5e9e3032383ecb554034e7c9,5.0,3,B1071,-120.610829,34.632093
141,2022-04-21,Falcon 9,13260.0,VLEO,CCSFS SLC 40,True ASDS,12,True,True,True,5e9e3033383ecbb9e534e7cc,5.0,12,B1060,-80.577366,28.5618571
142,2022-04-27,Falcon 9,8084.738111888112,ISS,KSC LC 39A,True ASDS,4,True,True,True,5e9e3033383ecb075134e7cd,5.0,4,B1067,-80.6039558,28.6080585
143,2022-04-29,Falcon 9,13260.0,VLEO,CCSFS SLC 40,True ASDS,6,True,True,True,5e9e3033383ecbb9e534e7cc,5.0,8,B1062,-80.577366,28.5618571
144,2022-05-06,Falcon 9,13260.0,VLEO,KSC LC 39A,True ASDS,12,True,True,True,5e9e3033383ecb075134e7cd,5.0,12,B1058,-80.6039558,28.6080585
145,2022-05-13,Falcon 9,13260.0,VLEO,VAFB SLC 4E,True ASDS,5,True,True,True,5e9e3032383ecb6bb234e7ca,5.0,6,B1063,-120.610829,34.632093
146,2022-05-14,Falcon 9,13260.0,VLEO,CCSFS SLC 40,True ASDS,1,True,False,True,5e9e3033383ecbb9e534e7cc,5.0,2,B1073,-80.577366,28.5618571
147,2022-05-18,Falcon 9,13260.0,VLEO,KSC LC 39A,True ASDS,5,True,True,True,5e9e3033383ecb075134e7cd,5.0,6,B1052,-80.6039558,28.6080585
148,2022-05-25,Falcon 9,8084.738111888112,SSO,CCSFS SLC 40,True RTLS,8,True,True,True,5e9e3032383ecb267a34e7c7,5.0,9,B1061,-80.577366,28.5618571
149,2022-06-08,Falcon 9,3938.0,GEO,CCSFS SLC 40,True ASDS,7,True,True,True,5e9e3033383ecbb9e534e7cc,5.0,8,B1062,-80.577366,28.5618571
150,2022-06-01,Falcon 9,13260.0,VLEO,KSC LC 39A,True ASDS,13,True,True,True,5e9e3033383ecb075134e7cd,5.0,12,B1060,-80.6039558,28.6080585
151,2022-06-18,Falcon 9,2200.0,SSO,VAFB SLC 4E,True RTLS,3,True,True,True,5e9e3032383ecb554034e7c9,5.0,3,B1071,-120.610829,34.632093
152,2022-06-19,Falcon 9,700.0,LEO,CCSFS SLC 40,True ASDS,9,True,True,True,5e9e3033383ecbb9e534e7cc,5.0,9,B1061,-80.577366,28.5618571
153,2022-06-29,Falcon 9,3500.0,MEO,CCSFS SLC 40,True ASDS,2,True,True,True,5e9e3033383ecb075134e7cd,5.0,2,B1073,-80.577366,28.5618571
154,2022-07-07,Falcon 9,13260.0,VLEO,CCSFS SLC 40,True ASDS,13,True,True,True,5e9e3033383ecbb9e534e7cc,5.0,12,B1058,-80.577366,28.5618571
155,2022-07-11,Falcon 9,13260.0,VLEO,VAFB SLC 4E,True ASDS,6,True,True,True,5e9e3032383ecb6bb234e7ca,5.0,6,B1063,-120.610829,34.632093
156,2022-07-15,Falcon 9,8084.738111888112,ISS,KSC LC 39A,True ASDS,5,True,True,True,5e9e3033383ecb075134e7cd,5.0,4,B1067,-80.6039558,28.6080585
157,2022-07-17,Falcon 9,13260.0,VLEO,CCSFS SLC 40,True ASDS,13,True,True,True,5e9e3033383ecbb9e534e7cc,5.0,12,B1051,-80.577366,28.5618571
158,2022-07-21,Falcon 9,13260.0,VLEO,VAFB SLC 4E,True ASDS,4,True,True,True,5e9e3032383ecb6bb234e7ca,5.0,3,B1071,-120.610829,34.632093
159,2022-07-24,Falcon 9,13260.0,VLEO,CCSFS SLC 40,True ASDS,8,True,True,True,5e9e3033383ecb075134e7cd,5.0,8,B1062,-80.577366,28.5618571
160,2022-08-04,Falcon 9,678.0,TLI,CCSFS SLC 40,True ASDS,6,True,True,True,5e9e3033383ecbb9e534e7cc,5.0,6,B1052,-80.577366,28.5618571
161,2022-08-09,Falcon 9,13260.0,VLEO,KSC LC 39A,True ASDS,3,True,True,True,5e9e3033383ecb075134e7cd,5.0,2,B1073,-80.6039558,28.6080585
162,2022-08-12,Falcon 9,13260.0,VLEO,VAFB SLC 4E,True ASDS,10,True,True,True,5e9e3032383ecb6bb234e7ca,5.0,9,B1061,-120.610829,34.632093
163,2022-08-19,Falcon 9,13260.0,VLEO,CCSFS SLC 40,True ASDS,9,True,True,True,5e9e3033383ecb075134e7cd,5.0,8,B1062,-80.577366,28.5618571
164,2022-08-28,Falcon 9,13260.0,VLEO,KSC LC 39A,True ASDS,2,True,True,True,5e9e3033383ecb075134e7cd,5.0,1,B1069,-80.6039558,28.6080585
